100
538 964
65 302
303 584
7 484
808 920
121 122
8 65
391 943
1 65
1 6
121 484
195 903
4 9
9 122
121 485
1 109
15 162
10 120
376 983
159 857
3 122
473 497
3 10
8 9
328 713
551 961
1 4
484 584
21 485
501 893
7 584
121 584
120 742
122 483
506 771
8 302
456 549
1 1000
263 901
1 10
239 419
1 122
120 484
3 5
4 5
19 170
9 109
236 618
45 590
65 121
483 742
120 584
83 619
8 121
522 815
1 485
72 726
4 122
1 121
98 704
303 484
1 2
486 895
3 109
7 121
8 221
1 9
121 221
427 443
70 729
303 485
122 1000
121 742
21 122
377 740
7 221
741 980
1 584
9 302
494 537
100 1000
1 101
128 208
484 485
105 974
1 302
65 484
21 484
120 325
120 158
9 10
211 386
1 104
202 993
631 941
9 121
471 796
8 122
1 5
484 742
